4.249769270351848860e+01
3.945003485122625619e+01
1.820117440344357007e+01
3.412263229092520334e+01
2.910216635875823954e+01
2.938644768161626430e+01
1.806325764065591244e+01
2.423667784908242950e+01
2.809094216811007172e+01
2.269640816664112393e+01
4.257382276784163366e+01
5.280869132979483993e+01
3.751129987975622981e+01
1.979646498798009446e+01
1.273213857885288114e+01
1.929170091197044812e+01
2.919031362897669979e+01
4.441796401818492512e+01
1.545654229953742309e+01
1.536957316000348861e+01
3.032158041548659710e+01
4.760871212969735211e+01
2.909646663980950976e+01
1.823477505125955744e+01
1.157873271037767715e+01
1.788588928910632703e+01
1.807959858686944443e+01
1.734331395662944075e+01
1.350866329183041969e+01
