4.113832682943896479e-02 8.339658788434756165e-02 1.258876846270000627e-01 -9.521707246966548688e-02 6.273221190442934692e-03 -2.229070001249610078e-01 3.856418462242124923e-01 3.965437139116101406e-01
-4.824777850115443689e-01 4.055130416169204777e-01 -4.018467035989617964e-01 3.353499631050081975e-01 -2.721652798826953434e-01 -2.238730658660286199e-01 1.288881834817414695e-01 -4.790419790873243766e-01
-1.261882803649743146e-01 -2.832871471103897143e-01 2.194977360844173608e-01 -2.268077939579680180e-01 3.798615255990678286e-01 4.986012590367635555e-01 3.119403814147710952e-01 -6.559004066007800837e-02
2.939142302347030888e-01 1.261323951204661453e-01 -7.449093098573600358e-02 5.219776944692056109e-02 -4.996875993111010716e-01 -4.170797238462770062e-01 2.321529750916287993e-01 2.833863956711935028e-01
4.118828392050992715e-01 -2.939960800732770441e-01 3.923217667862856084e-01 -2.995654261899205473e-01 -5.647325523599411312e-02 -1.977040325007319854e-01 2.021938433062550056e-01 4.664952101002330931e-01
4.121656111186924321e-01 -1.134428887460292579e-02 7.361819226939558813e-02 3.464404842256324502e-01 -4.510427853721775682e-01 1.363752052941592519e-01 -3.558725946001929374e-01 2.759391570045577335e-02
6.131606932154198830e-03 2.570194355200758896e-01 -3.608079139746654951e-01 -1.084389031170270856e-01 2.192973671639261157e-01 4.513113719149650649e-01 -1.621544859229734348e-01 3.165414564227847505e-01
-1.654456954081495734e-01 2.088626425625143002e-01 -3.666218662439016951e-01 -3.549609512908759035e-01 3.204915274211579401e-01 -3.065823860430578751e-01 -5.407215193711878420e-02 7.940333997239993336e-01
3.282608742105384003e-01 -2.146629021694130834e-01 -1.224624785235732816e-01 -3.162381125576541052e-01 -1.469466478007604993e-01 4.810514941549703938e-01 3.189259889793027991e-02 -1.504835809841752470e-01
4.873576257161669201e-01 7.588430462428941148e-02 1.924215052548381433e-01 -3.698038537112742219e-01 -2.851254636355379235e-01 -2.200395873496382437e-01 -1.850562095184368205e-01 2.823295790807954786e-01
4.082885785184603433e-01 -4.438038952982669150e-01 -3.538296037789474546e-01 7.663059147022444062e-02 -8.254063770760944330e-02 -1.869079937305495598e-02 3.869956556924063484e-01 -4.490886343864408659e-02
4.376183472114292261e-01 -1.642808435107705467e-01 -2.734699334917684022e-01 -2.229460325380216990e-01 -2.151338265613490508e-01 -4.888733424577432096e+00 2.060963909079988055e-01 -4.173678167925720661e-02
-4.079911377407823281e-01 8.591638850264482485e-02 -1.764606231921953539e-01 -4.843937269929261547e-01 1.028675957489951776e-01 -2.855923572301762858e-01 1.981630470420440160e-01 -9.154879088693612665e-03
4.321562559440320639e-01 -2.744487677057404484e-01 -7.252210910162271151e-02 1.559394681776342662e-01 -3.668138198394516047e-01 -2.041760758470700932e-01 3.174733661458590817e-01 -4.029492659868506577e-01
-1.985079350365068773e-01 -2.225808263099082751e-01 -1.892469671702655676e-01 1.083186798961130126e+00 1.235191075303427866e-01 4.870164180995961711e-02 -3.265151799118760634e-01 -4.967505079652648758e-01
-4.988556726141537112e+00 4.273239174688256981e+00 -6.052887198112992806e-01 -4.739696604102866750e+00 -3.807720486535729476e-01 -1.538353846740592390e+00 -1.955742589705080636e-01 -4.421984069464604872e+00
2.616342128939436185e-01 -4.581147736382653601e-01 -1.361746633608816870e-01 3.355599160825782912e-01 -1.709658518498953228e-01 -1.847645858295386967e-01 2.887376898204940812e-02 5.890987221884447234e-02
2.846604085572166376e-01 -3.347252885982866522e-01 4.738004126760595458e-01 1.380400656478399934e-01 -4.569506945469373527e+00 -2.788043340176362683e-01 -2.737451034104859682e-01 4.149596932685666317e-01
-3.392622467366344097e-01 -4.227054298772338070e-01 4.426100527195073742e-01 2.101524796977123355e-01 2.893873942583097270e-01 -3.120409906260230848e-01 3.600828025911487762e-01 -1.018852220977216616e-01
-5.216649809295234697e+00 -4.880132255737667180e+00 1.223948804199130436e+00 -1.177190276607579245e-01 -4.065265094173741156e-01 -3.612876602229619927e-01 -4.624537588134985278e+00 -4.152345608878479366e-01
9.685870463779111539e-02 1.341854840996073994e-01 -3.124285165037978818e-01 4.138455787402965935e-01 3.666406570190274827e-01 4.252854627012155886e-01 4.281256259273852338e-01 4.999494783945469534e-01
-3.246326020913904431e-01 3.909094061879805349e-01 7.893563692291327705e-02 -3.118477147001431637e-01 -3.300006187228777810e-01 -4.216691988792885537e-01 -2.115193476359514824e-01 2.332959736633738457e-01
-2.885396408978950777e-01 8.056836426002689233e-02 3.165319478983091850e-01 -2.359850710391070416e-01 3.762146123110989837e-01 3.221490450226069946e-01 2.158318190276617976e-01 1.284953918687475882e-01
-4.271593631312521344e-01 1.112717974748006355e+01 -2.272029065679287418e-01 1.274534741309526487e-01 -3.405440764707264867e-01 -3.923475795840952740e-01 3.567520644336497071e-02 -1.325969584241548649e-01
-7.892419784968569552e+00 -4.609202225298223432e+00 -6.245403788169189063e+00 5.083944058466535409e+00 -5.278029614986334828e+00 -6.238781209543130757e+00 -4.992866481606670348e+00 -4.605461472056395777e+00
4.297783279378999399e-01 8.623639497044410795e-02 4.715578362796871703e-01 -1.161882316774454083e-01 2.339365014906304996e-01 -3.266614477882882062e-01 -4.887818204872774741e-01 -1.891885087553615286e-01
-1.517476318449598738e-01 -2.108756434923693135e-01 5.437292328652332252e-02 -4.490507072771265928e-02 -3.968630606785577442e+00 2.408547687996009934e-02 -4.949848506325018604e-01 -1.951556587211543681e-01
-3.459006194940595913e-01 4.044797160912677603e-01 -2.172289535586379161e-01 -3.867361754187840228e-01 3.440707397164106673e-01 1.220368585323423627e-01 -1.089349243872456130e-01 -3.294748479975334599e-01
4.709135841410038159e-01 -1.356471319539246378e-01 -3.262443404442471051e-01 -1.334854843237450739e-01 3.326714768488980845e-02 2.476321655835468372e-01 3.844303007821898710e-01 -4.903817556715646120e-01
-4.517755062637365704e+00 7.491407139177480801e+00 -4.700343484625880919e+00 -2.688359321229573773e+00 -4.487183652823638624e+00 -4.903504539722667310e+00 -1.615822069047850418e+00 -9.391656146962983343e-01
-2.267813575096144785e-01 -1.463181765998944339e-02 -1.286194272287241036e-01 1.659448171461705979e-01 4.533305392585351701e-01 1.505809494143001137e-01 1.943774069731154519e-01 -1.843198885256625008e-01
3.331876470082861807e-01 1.058422402241976368e-02 2.475724331696178115e+00 -1.423551160826108664e-02 -1.417767082981669091e-02 -4.896033678364126729e-01 6.024613625983810117e-02 -1.861548893571243202e-01
-3.891734663848839260e-01 7.015812616502159482e-02 -4.052370520368105966e-01 -4.603429377558168056e-01 -2.244390127704083415e-01 3.052525573833330119e-01 -1.818029546985503453e-01 1.245778971899202947e-01
4.612260653262747478e-01 -2.124131342432522551e-02 -3.780811051082362262e-01 4.156515545607096795e-01 3.846871632024798648e-01 -3.322915540224838926e-01 7.351326249579437366e-02 -2.715630150348290472e-01
3.676298533465996998e-01 1.684851735471347700e-01 -2.707797334702374270e-01 1.066502526146884122e-02 -3.333708245102432466e-01 1.038281859353370473e-01 -4.938786878296756999e-01 -2.293850629567916188e-01
-3.393064252198635389e-01 2.062376539858613711e+01 -4.898921729668635372e+00 -5.118139031260962035e+00 -1.828984041203155941e+00 -8.679715190092551769e-02 -8.494140861486410010e-02 -6.043183337623259099e-02
4.530805786248331968e-01 -2.216136213963830759e-01 1.463955961873695255e-01 2.581909328214142541e-01 -3.471901807141931640e-01 3.069056560457854577e-01 6.053863275195747740e-02 3.772452520631193185e-01
4.864559330412879801e-01 -2.150857623385121764e-01 1.833385516554084660e-01 -2.303130959179604531e-01 4.317017308919974816e-01 -1.932143140638750145e-01 3.319693620782995236e-01 4.511100312029521220e-01
3.944791049578505460e-01 2.519249414310323898e-01 1.973980649130326892e-01 8.292498797832381641e-02 -8.433012904208647686e-02 8.924573509010258476e-02 -3.378592745900838024e-01 1.435117828626358838e-01
2.422955461740283312e+00 -4.232949084399562079e-01 -5.012188583966716848e+00 -3.816013061169744702e+00 -2.760507259761949550e-01 -2.821938956356023986e+00 -4.205769129382929350e+00 -3.662370117009680071e-01
-3.377565729724026911e-01 -8.995687521179740465e-03 -2.160666795866692524e-01 -2.728892938253968392e-01 -2.029761144176340792e-01 3.999781983360514159e-01 -4.397884131400062735e-01 -4.778322069755307488e-01
-1.479410448926056221e-01 3.027510898560548114e-01 -1.179735290677020876e-01 2.431731586314277438e-01 4.169717180278657009e-01 -2.084173721784209343e-01 -3.153668177557960028e-01 -4.212418413446531451e-01
-1.137687146102418501e-01 -2.676741797907740139e-01 3.827351672735312960e-01 7.815285214540113046e-03 1.430757195883927135e-01 -2.858470085086628476e-02 1.059243217253885705e-01 -4.334049573379050724e-02
-7.002908731343659987e-02 3.250048290323255262e-01 -2.814647519224012795e-01 -1.144798022666193571e-01 -4.141833524054460147e-01 3.304025625651940690e-02 -2.641129481754505015e-01 4.602537095300499592e-01
2.716566993922848727e-01 3.481712917790236173e-02 -3.230997262461310360e-01 -8.125808553710578419e-02 -7.729552016327845276e-02 -2.024495574651922425e+00 -1.266759293804726738e-01 2.819620851348414448e-02
1.590048486987747367e-01 3.208164467222703875e-01 4.475980522619278368e-01 2.308892125952959340e-01 -6.044133620408853602e-02 3.117152260252479268e-01 1.326520427688560044e-01 -4.448989618225676068e-01
-1.989208308002362591e-01 -4.398992517062780827e-01 -4.681710353707596584e-01 -9.985998849169064329e-03 3.893377096613487298e-01 2.956932596375200228e-01 -2.284377259743982647e-01 1.352699288589699345e-01
-4.248223641147146346e+00 6.463286526769636886e+00 -4.283799854859652534e+00 -5.316898174360136231e+00 -3.879856350962592071e+00 -4.670475676418722522e+00 -4.483004422822020274e+00 -3.439277817104126278e+00
-1.669201202489634106e-02 -3.879406380858808623e-01 -4.902691261857710092e-01 -4.173427686409495463e-01 1.308795862222296158e-01 -1.988714817591494821e-01 -4.116746670742081893e-01 -2.920292730462593633e-01
-3.061140801783664322e+00 7.448406126025731488e+00 -1.624862273981371175e+00 -3.659961337617015253e+00 -4.820140655194093071e+00 -4.375771622335719258e+00 -4.551140046695977048e+00 -3.989330760412796106e+00
-2.788382883547697588e-01 -1.909906241627682411e-01 -4.946819820247977395e-01 6.826524884559126427e-02 -4.446110965936778125e-01 1.226282807374338146e-01 -3.604767686578792540e-01 -6.956729700983710352e-02
2.517616926609587136e-01 4.946745953166057364e-01 -1.024918363143667577e-01 -2.357631417611660840e-02 6.276466773154076861e-04 4.879665189601731790e-01 2.764942660261476837e-01 3.733348243718715986e-01
8.248560761063128410e-02 1.891172582664202295e-01 3.770481249505119870e-02 1.858444122391198494e-01 -1.607247138388918639e-01 2.595779759865268765e-01 -2.875159049598634553e-01 -3.967155233048653695e-01
-8.532553469717485406e-03 -2.356830975444328402e-01 -1.411069369665082229e-01 -1.498807887912417813e-01 2.551900977210441734e-02 -4.225129659314473818e-01 1.363991218732887312e-01 -2.863348075392690983e-01
-3.597280227034439504e-01 5.411468533418972715e-02 -3.202271716914921740e-01 -2.962882079240253264e-01 -4.663168925458633929e-01 5.244640603076589080e-02 -1.011798027709122083e-01 1.259415565772759038e-02
-1.859346262945128503e-01 -3.632694971665884065e-02 -4.646653896719129540e-01 1.979439591251406227e-01 -4.074813188590409307e-01 3.604123570090269624e-01 3.647377154717932335e-01 2.339783587844412871e-01
-3.845779734596647126e-01 -2.568253638304315301e-01 -1.569666272054763834e-01 4.517735598622112381e-01 2.851759429135340973e-01 1.685688689665555406e-01 1.308076600804611855e-01 4.623233787723138866e-01
1.797725277931453425e-01 -2.552517386425504631e-01 1.130945092267365837e-02 2.575655505552761904e-01 4.843026597018759150e-01 -3.245345788425747502e-01 3.712677348385018394e-01 4.093967045145264771e-01
6.751285895703906803e-02 -2.295508827766903348e-01 1.456527235313226365e-01 -3.499282148659627056e-01 -2.193754501615030605e-02 4.098864165996969344e-01 6.449558941693112057e-02 3.802468286036998490e-01
-7.507464528130367576e+00 5.301586784035547950e+00 -4.744688246002432663e+00 -5.849341562924379900e+00 -4.737509798601205802e+00 -4.904968165400957147e+00 -5.216536660481693843e+00 -6.957535854659667507e+00
-4.075216065272913024e-02 -4.281530110879959716e-01 1.903640323130165735e-01 -6.756600408337798402e-02 6.820613946426290486e-02 -3.844569936276945876e-01 7.179782099575038323e-03 -3.391274383103134449e-01
4.278062178296261342e-01 -1.384567097348341491e-01 2.121212867945088121e-03 -1.186596405999891246e-01 4.390390760766987865e-01 1.420763470598083167e-01 -1.632305525411703595e-01 7.352119457589656459e-02
-3.598516515993221976e-02 3.289766470011092903e-01 8.996673931137721958e-02 1.698349139998742707e-01 1.823366022283564591e-01 -4.321188123003929515e-01 -3.050485188144087534e-01 3.988479140230829501e-01
-5.708771066850390596e+00 -3.190620481517559837e-01 -4.921672814685816633e+00 -2.444266748548638013e-01 1.569867887156428665e-02 -4.638790580984089473e+00 -2.242907732226626649e+00 -3.272911315348360217e-01
-6.074568896258125683e-03 1.343515308512044371e-02 -4.147615108426294661e-02 3.698031732601647636e-02 3.119827982582787929e-01 -7.996327609477960063e-02 -3.535200929944415371e-02 1.594998173076114245e-01
-6.668884215034076579e-02 1.199659004789025429e-01 -4.893360424525005081e-01 8.758871287764002922e-02 2.558723984511604987e-01 -1.160702550559444823e-02 -1.915662003630774768e-01 1.466765521666115735e-01
-4.244057531722206233e-01 -1.496081989626850683e-01 -2.554325712079541510e-02 -2.786748907850640222e-01 1.751537260612547886e-01 2.915158174499520305e-01 -1.332662917284351822e-01 4.749541318418759595e-02
-4.474721949679498767e-01 5.921374403178203405e-02 7.029545431243955367e-02 1.549173117581823522e-01 -3.794128077497026519e-01 -4.984048957533396829e-01 -5.290905824808123104e-02 -1.681374600134869501e-01
3.250060289866867347e-01 4.872131026298675005e-01 -9.203259302954747145e-02 -3.414565921794187053e-01 -2.077658438377421035e-01 2.887747951020791515e-01 -3.234962233931686360e-01 1.345190364667832039e-01
-5.883627630129761865e-02 -4.470953947554433539e-01 -2.673353106312108540e-01 -3.672686179250569394e-01 -2.723015239734468684e-01 1.523792360683922098e-01 2.215134879290475700e-01 -2.973352618204772035e-01
3.463393500735966191e-01 -4.924707680031055190e-01 -4.337340501553080818e-01 -3.887327503010763463e-01 -4.046966571270500523e-01 1.211168881944602038e-01 -3.345444276764063529e-01 -2.368884014097694113e-01
-5.171849464920462047e+00 -5.176391761275576542e+00 -6.030889460132584645e+00 1.805911734621320619e+01 -4.804458187792865154e+00 -5.781888147767679342e+00 -7.043780904843197632e+00 -8.898774361851366166e+00
1.184930679367314221e-01 3.097727044399325447e-01 -3.957729249157615481e-01 -4.823197143743349624e-01 -1.418364081348906236e-01 4.098515914706976071e-01 -2.890092789822205077e-01 -2.448121245102552468e-02
4.168544601217074597e-01 3.314034001972224752e-01 4.341788416872460754e-02 2.366949613519511164e-01 4.653311572320648626e-01 -2.334473366464241417e-01 -1.596247737362886943e-01 -1.230271452976314794e-01
-4.096999817238337727e+00 5.969507054778253163e+00 -3.914803637985113216e+00 -5.290567469964700287e+00 -4.838306301887842054e+00 -5.257193986406409891e+00 -4.729922895634572910e+00 -4.549464198333968312e+00
-1.801414789331896582e-01 3.795296749457445218e-01 2.887492489547769381e-01 -1.043914201581720436e-01 2.651506987812961569e-01 8.223563788844878708e-02 1.384255976242763087e-01 1.648504348764801009e-01
3.622714120676997496e-01 -2.797829494875631040e-01 -2.170812525884110444e-01 4.747420047059394133e-01 3.275964257069727825e-01 3.479080503199674101e-01 -4.604909383617311613e-01 2.086050612184755515e-01
-3.418410628009137531e-01 3.782858442297265533e-02 5.962743947543802658e-02 -4.019803407925668370e-01 3.559571759672548463e-01 -4.044646089930362676e-01 -8.341559558094135962e-02 2.212020662679137217e-02
-2.697019102599246265e-01 -2.264236188583126363e-01 -3.640966295578563772e-01 1.057882371240760344e-01 3.952594539924101369e-01 -6.225802975256800043e-02 -2.524906167593256034e-01 1.965714775232114686e-01
-4.221249812300232662e+00 -4.269009508291597754e+00 -5.149450948936394212e+00 -5.902903003586921216e+00 -5.183529051949439470e+00 -4.484900009661687115e+00 -4.415569200813791895e+00 -6.054008400352140384e+00
-3.886839771555038459e-01 -1.103865562812240686e-01 1.313920261058451056e-01 4.458682737319432654e-01 -7.612188090917526573e-02 -3.664501603186809398e-02 -2.883224350788530232e-01 4.675734370031069398e-01
2.414725542134292802e-01 -3.634664705739587554e-01 -2.649826896247930996e-02 -6.934988197385072439e-02 -2.568760860199490459e-01 3.470117993875517781e-01 4.651383806117882491e-01 -3.483424938591983544e-01
-3.011838707055650710e-01 -3.367351526828402664e-01 -2.893959335813219846e-01 4.046563743138469338e-01 4.542414559121402684e-01 -1.462211731731313247e-01 4.423006050767921415e-01 1.158658572287342148e-01
6.316157689273649289e-02 -1.225978829165630390e-01 -3.081398598448954473e-01 2.057149805707981782e-01 1.920464321139105923e-01 -3.127165459412485360e-01 -1.049711373347517185e-02 3.685696761874295291e-01
1.134489655740649194e-01 1.884034328756915011e-01 -1.024872730517216723e-01 -3.276417750194763334e-01 -2.444664197927647331e-01 -3.522295263261373544e-01 -3.006593969338887673e-01 -4.987309505390906672e-01
2.341850519636813344e-01 -9.611136288174793041e-02 -1.207117512708744123e-03 -2.422711251106778318e-01 3.651020176412834717e-01 -4.161555424601650621e-01 -7.488347403775930111e-02 4.106214642455797703e-01
-3.201676130457619118e-01 2.534658496959900642e-01 2.874244473390228372e-01 -2.997762455684903626e-01 2.460646663376736543e-01 3.025321122185546940e-01 3.104022013588200180e-01 4.497138988299957951e-01
2.532004899125761543e-02 7.906158253709205663e-02 1.239583756479181176e-01 1.879907628268131514e-01 1.625383879480860605e-01 2.819660178789958893e-01 2.003668122544183250e-01 -2.981502385843234348e-01
-9.982129544116857822e-02 -3.792959369516801793e-02 4.636240552289416783e-02 6.859385205111157013e-02 9.936133089620946546e-02 -3.912069295385746104e-01 -4.698244862976529435e-01 4.770450009164826088e-01
-4.017362235248847391e+00 1.134593513411082455e+01 -2.592822026074337760e+00 -7.977257038092657737e-01 -2.265058351189081609e+00 -4.929753529034395676e+00 -3.522728219847190534e+00 -2.693120380421668347e+00
9.717439966694640940e-02 4.452394032200612806e-01 9.366549834158932608e-02 -1.184455040351076738e-01 1.979564438988632435e-01 -8.192802739902682596e-02 -3.453231599930144391e-01 -2.158197893729774108e-02
-2.547516694833863449e-01 -3.803087448383333236e-01 3.809782411328138663e-01 1.378463176520999811e-01 -1.250239311022598443e-01 3.144946080972818026e-01 -2.012469545459177889e-01 -3.874508884317675594e-01
-4.666559783893415858e-01 1.314192193229798411e-01 -1.677343588239434968e-01 -7.933678649598197019e-02 4.107254072914899856e-01 2.834101061679761280e-01 -4.110139249798637762e-01 -1.644105512335897190e-01
-2.715329717982162272e-02 -1.485118072592825911e-01 5.905628551547725813e-02 1.230796316452762440e-01 -3.194230215894389158e-01 3.038410737808612261e-01 4.378152018903144205e-01 -2.163084623049704724e-03
-4.665659742146277544e-03 2.362835524648714269e-01 4.120605537735044788e-01 -4.106778240105106725e-01 1.751270422348004674e-01 -1.397105364473900657e-01 -1.586999687198068498e-01 -2.054484038828596759e-02
2.703281367057064344e-02 -4.635605977880211448e+00 -5.607652686107011952e-02 -1.767605300258452417e-01 1.066083925929094534e+01 -1.500977273839380066e-01 -4.752173998958346690e-01 -4.304919374333660897e+00
-1.534898584427120127e-01 1.796853517069526562e-01 -1.383079453098248202e-01 -1.119358843880797760e-01 -3.692840675235858905e-01 -1.534026482305522743e-01 -1.940968045080192494e-01 -3.742877305770189178e-01
3.500128272120576201e-01 -2.078202165639359000e-01 -2.491625078481974898e-01 4.103281498917160652e-01 -4.843050304141014450e-01 -3.871768513992390748e-01 -8.591977707801567998e-02 -3.742130198399349350e-01
3.313732608283629366e-01 1.921870562270143745e-01 2.053721539613028169e-01 -6.490582614770967762e-02 4.947082754716509712e-01 -1.101702850964438873e-01 2.965126515053733147e-01 -4.749191071663074748e-01
-3.995204490969101130e+00 -1.336665044400135560e+00 -2.363411649542256576e+00 1.070396736622048905e+01 -5.244400032668824707e+00 -4.516287291241869006e+00 -4.153889210279380961e+00 -4.855805166430376296e+00
2.721645636816649727e-01 -2.320688635362617713e-01 6.933621100148290584e-02 2.384004795835581447e-02 -2.776451284044860746e-01 3.830146088741117616e-01 4.738046545334457793e-01 -2.211580332657054893e-01
-2.233545067345830137e-01 -1.909764695429061465e-01 -4.071217811983518509e-02 1.979743606502648579e-02 -3.236967845384617348e-01 -2.558666494450558826e-01 -4.281932046709833184e-01 4.805131555686728007e-01
3.142908458059388010e-01 9.993511233867158339e-03 1.931115612929528158e-01 4.274777308291648481e-01 1.254890849058123425e-01 8.406907265450791478e-03 3.400462653042134464e-01 -2.591554134566619316e-01
8.337310831308708536e-02 -1.546055815823103030e-01 3.356380385307541347e-01 2.481402557381928720e-01 -4.791067843949124994e-01 4.859155483595656300e-01 1.290889728806592363e-01 -1.200850505981265748e-01
1.741277590298755396e-01 -3.390242396021041493e-01 -4.452275915151017172e-01 -4.721110878934819954e-01 -4.191745738163860091e-01 4.119561797493487276e-02 2.365589265008399833e-01 -3.820244729491302227e-01
-1.173321020810230708e-01 -5.409805164957637302e-02 -4.300517537392088974e-01 2.135184120672540820e-01 -3.581360383657838931e-02 -4.814005956102296313e-01 -1.685764293128372282e-01 2.023645537573701692e-01
-2.687208864477106385e-01 -1.479605029352861756e-01 2.613688899363182383e-01 -4.101442729603285153e-01 -4.092385550855663912e-01 8.541700304430799306e-04 1.630235536343621616e-01 2.917789511488994014e-01
-4.772747779538667245e+00 1.824246313362075966e+01 -4.176364342581432076e+00 -3.214202295619534411e+00 -2.651170360958599481e+00 -4.958535132440372806e+00 -4.948176329859377276e+00 -4.214875344219753295e+00
1.973765420794659775e-02 -1.860895996795086660e-02 -1.793781135425083217e-01 -6.868461513599455337e-02 -2.160468881270469765e-01 -2.202800105108922990e-01 -2.884889684546528832e-01 -2.571490891738570372e-01
1.312618837165832053e-01 3.131280705238345119e-01 -2.962743786394471668e-01 -3.279127507612678016e-01 -3.137419015806641731e-02 4.148987839661750776e-01 1.422415775608082411e-01 -3.346170594195446713e-01
-1.983741681194334250e-01 9.973219352524820280e-02 7.360615639057455084e-02 -4.546949554229171575e-01 2.192973228296497545e-01 9.616917035137551029e-02 1.415726030586107465e-01 8.913068047838645924e-02
-1.852859649575182566e-01 4.332434214160000296e-01 3.981508174345084194e-01 2.221853847393009396e-01 -1.401700389972747596e-01 1.877465353642756574e-01 -1.428887414056940752e-01 2.931243036593966789e-02
1.522311405907971205e-01 3.245686219233895331e-01 1.816452325093265152e-02 1.755973023265826605e-01 -8.189999267847047904e-02 3.770843329781635722e-01 -2.932179466712337979e-01 -2.349180869281553008e-01
-4.107251855764698645e-01 -2.967435886512698184e-01 -1.628142998796650032e-01 3.576953630175427890e-02 -3.827117662162511369e-01 3.657320258402980695e-01 4.921846115108778896e-01 -3.944673157589099199e-01
-4.321589532374265907e-01 -2.856920119254483525e-01 4.280061228532683337e-01 -2.809204535352100018e-01 -4.004197349051729082e-01 -1.049025878360456687e-01 2.030515189265521547e-01 2.300658625696996307e-01
-2.599402134337208681e-01 1.736197447011567085e-02 -4.720685099193872025e-01 4.940873277351846005e-01 3.643510023198573977e-01 -3.390710367653627655e-01 1.202593772765963021e-01 2.675357236562966312e-01
3.478581456679848971e-01 -6.424079982194141891e-02 -2.942070490721284681e-01 -7.035355458888792324e-02 -4.081529383363258212e-01 -3.814934748678566745e-02 -2.481044212530437720e-01 1.299434491667325053e-01
-4.547326205329406124e-01 -2.612364553134001177e-01 5.296489295830497657e-02 -2.517209711191161770e-01 2.626487787804829832e-01 -1.659215321813773958e-01 8.792254747917005453e-02 1.277136916511610876e-01
1.018548554008288365e-01 -3.955446920231580066e-01 1.342017325527399274e-01 -9.357523838085191059e-02 -3.814862682689883489e-01 -1.730722941223772349e-01 2.124942213578594474e-01 -4.118672764803767983e-01
-4.616385123665489587e+00 6.638285740675514468e+00 -4.825718194788663595e+00 -6.284198255131956401e+00 -8.235215315185904217e+00 -5.857603252073890765e+00 -5.112532701302424876e+00 -5.321933305245353019e+00
-3.421552387258208761e-02 -2.814537376585124484e-01 -2.353129413913377377e-01 4.434991401666287247e-01 2.532893516526336652e-01 -4.846842779878003382e-01 4.830453462160612110e-01 -8.160630364483534294e-02
3.993143515269131916e-01 2.806179351024387092e-01 3.202443045916278930e-01 1.578182551785571874e-01 -3.599587725387520809e-02 -4.689716505690408876e-01 2.097006135207389876e-01 -6.462072795166207140e-02
-1.487985324986332847e-01 -2.367318625569173607e-01 -1.355087204240094101e-01 -2.165007023532204977e-01 -2.377853605952628957e-01 -8.004862702042148115e-03 4.801141088734212081e-01 3.373962661027251064e-01
-1.743059197206705546e-01 4.043130881480871963e-02 -4.333234779329790953e-01 -4.289379640715373920e-01 3.461133767319781729e-01 -3.797915717400210944e-01 2.757262072660913166e-01 -6.002187247092649613e-02
2.924256278693512234e-01 4.971611356968289597e-01 4.680062924890135978e-01 -2.714718707302917755e-01 2.850216812115716758e-01 -3.679257768704879972e-01 4.959124843496418578e-01 2.404076234797529743e-01
-4.845173249865991627e-01 3.198906462411574836e-01 -3.113416057520180802e-01 2.280995505244152177e-01 4.003935532341296177e-02 2.460175455016714308e-01 -2.351543467265609921e-01 -8.723356496863365894e-02
-2.035247858647921682e-01 -3.128776281751902699e-01 -4.384142829912430761e-01 1.359204138943883589e-01 3.556873369276992713e-01 3.128631388488770648e-01 1.357587567437140708e-01 -1.946110684502769805e-01
-1.292954705640575463e-01 2.117527831662079363e-01 -3.094544516305413051e-01 2.238583372859369591e-01 -3.808473741963579462e-01 -1.552494691184732600e-01 1.365146982695801814e-01 1.458586297128399156e-01
-3.656364571130499286e-02 4.561111337902318263e-01 -3.069801494771586814e-01 1.727214677294152123e-01 -4.675515712638661503e-01 4.006683395663026559e-01 -2.996077926695106530e-01 -1.371043899933518384e-01
-4.685597991200975976e-01 4.626362899623596148e-01 -4.854849854803199305e-01 3.483131559876212480e-01 1.207472272462137841e-01 4.932525832886942574e-01 -2.046394240862070557e-02 -1.351421769683680552e-02
4.991547559199787099e-01 3.666586354947938275e-01 3.495403562767135375e-01 2.703766652997069420e-01 2.589194683158118071e-01 3.178070071626668547e-01 -7.699346755398961406e-03 1.123536511596573417e-01
1.580733587698369691e-01 4.354478090489574127e-01 -1.005946127488044350e-01 3.823035020074738721e-01 2.813559753146632758e-02 -8.286009964873808364e-02 -3.873807780246500965e-01 2.366538619935002474e-01
3.363990463795024644e-01 -1.217668447825077660e-01 -3.115453095098947855e-01 4.584460547885216286e-02 -3.925974711204428536e-01 2.666188766886997685e-01 4.812902501927979193e-01 1.660687329696325376e-01
-8.366133855508894879e-02 2.896814380373746722e-01 -1.093870170149320309e-01 4.387842668913626287e-01 1.834857432398105948e-01 3.413743243416937911e-01 -4.055516187303721543e-01 -1.847698811321438761e-01
2.556341503871630838e-01 -3.072929688591339303e-01 -3.584008722230507260e-01 3.411792145195813308e-02 3.835777220812739419e-01 -4.383504544010334847e-01 -4.903758345030891919e-01 -2.219308976920313370e-01
-4.649410068767532156e-01 -4.453718770318272346e-01 2.490215962908566283e-01 3.383230247697762705e-01 1.895321882078994102e-01 -2.110598144781908880e-01 -2.507597180035154860e-01 3.013501621784308027e-01
3.497959521888924783e-01 4.152109309983520458e-02 -2.893501099193555026e-01 -3.132456857409534612e-01 -8.444022130171935370e-02 -3.381773790155748749e-01 -1.349014471900514822e-01 4.358124746216724965e-01
-4.326415360439652691e-01 -4.190517285605271924e-01 -3.991221815090434388e-01 -1.066294523160317143e-01 9.634975240073773151e-02 3.819508016059685040e-01 2.047311131933837736e-02 -2.870131724030489107e-01
-1.446681313372791822e-01 -3.181583609861714512e-01 -3.997396988239310112e-01 -2.751238073817285912e-01 -1.754449757704190649e-02 3.149104812156207078e-01 -1.612069920225961406e-01 4.876172128694562513e-01
-4.138498205895445592e-01 4.195264984919533369e-01 4.600506292480006643e-01 -2.308518773924410628e-01 -1.825002387624008460e-02 -9.697431453287508329e-02 2.387725002780395345e-01 -1.268706049213786935e-01
-2.388861537558628623e-02 2.832073839289709349e-01 -2.393535720660810995e-03 1.477715267560752999e-02 1.463784827814466061e-01 3.683873895695893852e-01 4.722788780578700552e-01 1.537443319577862511e-01
2.477558779026078906e-02 -2.291078637677413932e-01 -4.804702312337594261e-02 -1.733549235251735654e-01 -1.908919496989289755e-01 4.061707361651618609e-01 -1.042579114398201057e-02 1.325320726050170927e-01
1.178489191922773571e-01 1.817395705412646612e-01 3.053425510605826121e-01 3.207650288496950441e-01 -3.405607470567054706e-01 -3.096279318244616885e-01 1.936924656886673812e-01 -8.428883820406718463e-02
-4.591618733792536489e+00 5.986642179663611785e+00 -2.765366131624120705e+00 -3.533022300172632413e-01 -4.169054510695801019e-01 -4.912051532092587269e-01 -1.375000657285029293e-01 2.044834954926934012e-01
