3.483519077673914666e+01
6.659963530492939299e+01
3.864417809687702032e+01
2.718004259781474374e+01
3.032465169405138994e+01
3.639696403471973696e+01
1.976637662240860749e+01
3.384971810110358348e+01
2.828705940014880937e+01
1.666368004810554737e+01
2.977456835887930353e+01
2.722117537177025426e+01
1.956084097355734031e+01
1.221131837237705930e+01
1.281622577940267504e+01
2.339206392430358505e+01
9.189277716293279497e+00
1.755006128206153804e+01
1.530096248453021701e+01
7.676132665461306459e+00
1.062817174676278142e+01
1.388928517019421882e+01
2.059606942120994333e+01
1.121731829369147349e+01
1.933327401810141311e+01
1.645710513612832315e+01
1.508819300874457348e+01
1.174764657836353443e+01
1.993759723734808631e+01
