-2.017248136368564593e-01 5.263900972439594650e-02 -1.955282561233908645e-01 -3.200360242203460492e-01 -2.973088006638247016e-01 4.711966690636744115e-01 -4.728181422164340342e-01 1.922191182175005952e-01
2.091860339539441949e-02 8.243197260325518805e-02 -2.365977666614811348e-01 4.921441022485466554e-01 2.997103310585024216e-01 -4.699959617454527727e-01 -1.780394773745429537e-01 -1.604736370188510897e-01
4.283320660943750191e-01 -4.665078557708290941e-02 -2.707373846700532605e-01 1.596996180028019685e-01 -1.193060107185900387e-01 2.277457219026935986e-01 -2.495048483879894752e-01 -4.867805019176255632e-01
8.021973051999542470e-02 2.171331555071710495e-01 -2.533701091908906466e-01 5.741040949118847436e-02 -2.728914104726937184e-01 7.016624403761817508e-02 3.090639873866507514e-01 3.121072378104230438e-01
-5.955950797978726285e-03 2.768771043810368537e-01 -5.431938449236695110e-02 -2.795526377924253403e-01 -4.042346864992522049e-01 -1.206786422935146597e-01 -7.622001378285003792e-02 -3.452292464892589008e-01
-2.242923668544296589e-01 3.181383086593527754e-01 -4.604213593176798014e-02 -3.069644645906614011e-01 1.295525898137669385e-01 -6.057676067627626448e-02 -6.913723539060134815e-02 -2.646343891749834976e-01
1.362122601730469951e-01 -2.904972069844902194e-02 -3.308890348400217452e-01 2.551852437717884170e-01 -1.165075876426291401e-01 7.460447213917387188e-02 1.392048732500694719e-01 -1.090236179691632667e-01
2.703493566891779221e-02 4.256080235277985846e-01 -2.752798881602519510e-01 -4.271950536053465974e-01 3.768088647488024856e-01 -1.054858157181959299e-01 -4.599693321770907950e-01 -3.639515640241786087e-02
3.593618334022995464e-01 -2.457597719742454778e-01 1.264551799383487607e-01 -1.426571997338234032e-01 1.633140099768946030e-01 2.512707551872344069e-01 -1.085688585496225045e-02 2.855168456828890422e-01
1.540064598207797619e-01 4.949692966909429170e-01 2.919570982819676974e-01 4.569134984575011771e-01 -4.604497821563858784e-01 3.454509731743622414e-01 -8.857406170376358467e-02 -3.647209835550229151e-01
-4.037809345271096140e-01 -6.078679432289724183e-02 -2.704920648462132426e-01 -9.049003415003920026e-02 3.965273827534199214e-04 4.949586137360393323e-01 3.608951153426188663e-01 -2.742899103509214287e-01
-3.686577554810133162e-02 2.389201141487754532e-01 -2.471406501160255953e-01 3.938857964671588219e-01 -3.068160015461000034e-01 -2.357243138076343669e-01 3.128291805509386680e-01 -4.674389297298211510e-01
1.199781323501784014e-01 -1.099911751335341803e-01 -1.669557197569684348e-01 3.582828031436241512e-01 3.948249572521098649e-01 2.916030496460867427e-01 1.754836662609350340e-01 -3.932059691932259238e-01
-1.676516813072042034e-01 4.300348222503136419e-03 -4.072034133991143667e-01 2.706426153626532161e-01 -3.134299262347629567e-01 -8.342570866968490595e-02 -4.585235601192880761e-01 -8.343851160874771189e-02
-1.985339209982097675e-01 2.733078435072052725e-01 2.309159812783001531e-02 -4.181934356611435311e-01 -1.713894479051831787e-01 -6.612073217325087349e-02 -2.878205468641097386e-01 -3.546983395935492389e-01
3.648906106893931023e-01 1.491218760593978621e-01 -2.169767360271888101e-01 1.020795852419550265e+01 2.967671131626262726e-01 1.372407427537087887e-01 -9.452985599977647979e-02 1.376641009083423572e-02
-4.033170313056962941e-01 4.755114589093483168e-01 3.143638500087142518e-02 3.919123886246673738e-01 1.847153307958204760e-02 -4.661811085586410330e-01 4.661662093909362259e-01 2.200527802287062240e-01
-5.535018639947797414e-02 1.603889960027922168e-01 5.581689267082426298e+00 -1.588170999910754055e-01 2.446566765268576304e-02 2.950330838441772574e-02 1.775472200743888340e-01 -2.767100430099572739e-01
-3.032322816011057132e-02 -2.711367199915268866e-01 4.407503206129963491e-01 7.473231771144195346e-02 -3.536207298760409845e-01 -1.962832342107535544e-01 2.626257369811012543e-01 4.290951496050403602e-01
-3.959744565964864460e+00 4.951418807283858303e-02 -3.692557365786356405e-01 -4.423680284998339651e+00 -1.956616630952801028e-01 1.458697976254741402e-02 3.261401044470457311e+00 1.195768310371542187e-01
1.741764290347538324e-01 -4.449133204816446696e-01 4.958144837687695761e-01 -1.637773697432505227e-01 -1.164617975091544189e-01 2.999399061864169713e-01 3.237752259823122314e-01 -4.851073805150429852e-01
5.089588157381474964e-03 2.371277371815472268e-01 2.004280969810190438e-02 -1.137810814366524426e-02 4.392826675661328784e-01 3.948601741833831502e-01 -2.701544128073376516e-01 -1.140351458754204073e-01
3.813631337986892467e-01 2.679896801613795843e-01 -1.050743802782575509e-01 3.921192011157578206e-01 7.293026524288959145e-02 -4.380657402953879176e-01 2.175157904152664745e-01 -2.960626667087855601e-01
-4.782816076269259753e+00 1.795464672975852327e+00 -4.762873173680469030e+00 -4.041974377505713756e-01 -4.938429859241868503e-01 -2.442437361723432510e+00 -2.203113707849098102e-01 2.244566085052923654e-02
-2.376292328983172775e-01 -3.787100748967364705e-01 3.920529965763236202e+00 -4.277038536505525235e-01 -4.730742099101411746e+00 -4.747670547297536459e+00 -3.487133009989236143e-01 -1.601128370613144059e-01
6.057757877564373672e-02 -9.699802452400874131e-04 3.533824239752954011e-01 -3.270727169946222590e-01 -4.860940757316106753e-01 -2.033775713710586075e-01 -2.528459479717628522e-01 -3.602780439811986701e-01
1.926340404952417984e-01 1.592124563642093316e-01 -3.140433542434750702e-02 -8.215157536003769856e-03 4.033158270908485665e-01 2.438505378322439743e-01 -5.578581250091352306e-02 4.358093300086124389e-01
6.166793636987644156e-02 -2.982375533398903267e-01 4.652817012439589561e-01 2.648885086190490012e-01 4.581118325589332851e-01 1.290425300502906492e-01 2.275492738228851453e-01 2.042759820676568472e-01
-1.648665857361150122e-01 -2.877487021460660710e-01 -8.349228603415848049e-02 -1.235394121245281251e-02 -2.218527652938316885e-01 -2.462701705614375181e-01 4.486016080982084819e-01 -4.484414414978549202e-01
-4.585393243888447934e+00 1.168949131891352522e+01 -4.896145723127435900e+00 -4.690053745175426947e+00 -4.942371352476332191e+00 -3.590804626100895236e-01 -3.071462743090377590e+00 -4.349450393261211190e+00
-3.170165941770488605e-01 4.463536196085414742e-01 -4.471942474078669516e-01 2.743761225565388706e-02 3.474412815454072101e-01 1.363475821139286115e-01 4.355264054075351776e-01 6.032945464315364603e-02
-2.062580512228331386e-01 -3.663725142483046371e-01 -4.700724617423909235e-01 -1.501369102002757749e+00 -1.979335954796888064e-01 2.011443474442976553e-01 -4.902126707110027404e+00 -6.333220643821357854e-03
-1.824816111021714260e-01 -3.190470138848927606e-01 2.143521225589540835e-01 -1.130886466378415722e-01 2.663641615483627323e-01 -2.616493258492781360e-01 3.864172256327590427e-01 4.866158871298457145e-01
-3.302968061214338613e-01 2.843680771984030686e-01 2.077064023034635998e-02 -3.189224099823239067e-01 2.216693175566325502e-01 3.336733561736008324e-01 5.882663323441561509e-03 2.399675200420946508e-01
-1.678591847861801156e-01 3.534061980301733685e-01 4.870273243972671473e-01 2.035130607129893576e-01 4.385916171334957037e-01 4.838469746172026076e-01 -3.990511457154430897e-01 1.508803750573067814e-01
1.319675106002022869e-01 2.414501249799128146e+01 -1.220781734834610610e-01 7.743296509602415334e-02 -4.604305903937162547e+00 -4.541416474780403334e+00 1.157579793675023172e-02 -4.616702559265911665e-01
8.670970131371869005e-02 2.893924602599577955e-01 2.427332570367286557e-01 -4.366252667847706492e-01 -7.751672238343654264e-02 5.174595997807496239e-02 4.765626887608831463e-02 1.192402704766892807e-01
-4.568063709503287217e-01 -3.548665498915772876e-01 -2.956671508786241631e-01 1.239408748627051082e-01 -3.609217758079628080e-01 -5.708037794804632359e-02 -3.096014358889934703e-01 4.857524512847631870e-01
-2.500965231962416491e-01 1.872605754104378351e-01 -2.623946597007019710e-01 -2.508442906941332762e-02 2.619678277343622241e-01 2.576933905692753157e-01 -6.960672461761463481e-03 1.507474308817164932e-01
-3.050165211287086953e-01 5.897523276453858543e+00 -4.418937264820967492e+00 -3.279522095897946521e-01 -4.999401151515711739e+00 -2.793046084394462003e+00 -3.956430777034215751e+00 -5.573599042458472042e+00
-1.282713280795372279e-01 1.326697911864059831e-01 3.925425256188966872e-01 -1.264753774815674525e-02 3.130035444503372899e-01 2.454171223425016812e-01 3.180742979357403799e-01 -5.840325652938316292e-02
8.455275141108631320e-02 4.589501643748719051e-01 3.075654645498903106e-01 3.465844767180794594e-01 -1.323359592360885406e-01 3.407026766533927109e-03 3.143643734198331430e-02 -1.451590249056186055e-01
2.774508286538098778e-01 1.476822935151866911e-01 -2.808666878309553638e-01 -3.321467212936896063e-01 3.562498335156294438e-01 1.440210764238716301e-01 4.187710377311537613e-02 -3.330820605738840090e-01
-1.210364291669204784e-01 5.118016918425283279e-02 2.990654900327260890e-02 -2.037681343852489890e-01 -4.803611638808535922e-02 -1.816695839227480125e-01 -4.689830540816841697e+00 2.959939864271021737e-01
-5.317292936764332900e-01 -1.143325553919705140e-02 3.934915861986822527e+00 -2.242986506701077909e-01 -6.882184937273583270e-02 3.463127112849551104e-02 -1.667879681253783275e-01 -4.865205153694142082e-01
4.470952252605935318e-01 -1.673931471926440873e-01 2.159722355084158218e-01 -2.476861213801276884e-01 -4.007468175104579311e-01 1.443416705974830405e-01 2.333844640788351743e-01 2.247373149327079878e-01
-1.066486093442994276e-01 5.028446525467145101e-02 5.306614699399569979e-02 -4.571996485403950761e-01 3.649769297527321044e-01 -1.273104778193170361e-01 -2.619817161128989991e-01 2.307846817978854714e-01
-4.750846908118450784e+00 -3.380050808366783510e+00 1.006394608139439040e+00 -2.583971479612828581e+00 -4.446377007407148696e+00 -3.799952672443936308e+00 -4.453893830801770370e+00 -3.511115414841031068e+00
-2.133656605320702893e-01 1.868876986951257813e-01 -2.743339055520825909e-01 3.115309227167961659e-01 -3.933823951933208551e-01 2.813338296334090272e-01 1.048437408965763318e-03 -7.746801533472935652e-02
-4.884323248708268395e+00 7.951724383735817803e+00 -4.262914590878518206e-01 -4.879219171579742387e+00 -5.265225496869550881e+00 -1.264053375639607957e+00 -9.755494091842313864e-01 -6.562115917135217025e+00
-1.944044928115503668e-01 -6.257664343600932710e-02 -4.500628759685124658e-01 -2.993521015791926754e-01 3.440125932381332685e-02 -4.252043749978418052e-01 -1.973472051998887977e-01 3.985621412554751775e-02
1.663495065643633142e-01 5.270560838986659835e-02 -4.535638840466114097e-01 -1.820765353001309039e-01 1.953644895561554851e-01 -1.616984699539256720e-01 4.837971388111034221e-01 2.272038136989492640e-01
3.683607517451989999e-01 -2.996583623531806628e-01 -4.636891996747031230e-01 1.516864601525608203e-01 1.906875017267206651e-01 4.520324002281844722e-01 -3.538535128641510097e-01 2.246155226952584183e-01
3.330783743792600227e-01 1.854030303714525596e-01 2.966673255733642822e-02 5.843908851549945105e+00 1.805388438330522982e-01 -3.619869578464252058e-02 4.650957618782636249e-02 3.073238790849570634e-01
2.106104987683647956e-01 1.659731877747014916e-01 4.776297443172599078e-01 4.040425114725970657e-01 -1.067108267596594828e-01 9.846910515957962851e-02 2.532588161407908212e-01 -1.234141987482375580e-01
-2.162209487253425877e-01 -4.828704313794589531e-01 -3.223652928149370878e-01 4.662343169170133361e-01 3.935162450514957388e-01 -3.988900340222705232e-01 -2.713437750024374484e-01 5.246625212554512085e-02
-4.179310247291967428e-02 3.976302340072906949e-01 3.659950518062515812e-02 -1.480960141429250587e-01 -2.346864513975103206e-01 3.480096735132254260e-01 8.941245108429918265e-02 -2.757192054448148744e-01
3.880446654151993302e-01 -4.431454906329080901e-01 1.687422867578239893e-01 -1.193600985096850975e-01 2.648415737379811175e-01 -3.386715878080442943e-01 -3.272727904245442687e-01 4.682317486763564185e-01
2.318250129300802875e-01 4.940646449959456010e-01 -3.081847190760583777e-01 -2.329620534448054725e-01 -4.348330763639957075e-01 3.422683441883532796e-01 3.928472713327797461e-01 -2.427098914986254297e-01
-6.532591019283575662e+00 -6.404129454908942698e+00 -3.903895009701557672e+00 5.365801107125241387e+00 -4.605650952347569493e+00 -4.047191899397918569e+00 -3.927644509760459535e+00 -6.659894407259397298e+00
1.576864167506186742e-02 8.487094885333268390e-02 -3.842308217611282162e-01 -3.405389579689720447e-01 -1.771158861572992294e-01 4.126693704818119590e-01 -8.954034484798101268e-02 1.499563882827089634e-01
-3.846587704219508463e-01 2.616018037249683292e-01 3.401136194998913842e-01 1.015624107928980724e-02 4.446862324363685115e-01 4.747777395355958774e-01 3.604887258690691043e-01 -2.404625330013144824e-01
-2.038004695881190376e-02 3.759840718087621436e-01 1.292888491297473630e-01 3.591443544075628713e-01 2.596000061884238264e-01 3.484167822741146558e-02 4.481426067240235067e-02 -3.931925086276898407e-01
-7.953523094143272187e-01 6.523550297177632018e+00 -1.430436628967867163e-01 2.828221799110204326e-01 -1.791675438768858264e-02 1.246542250587474587e-01 1.042305704572620284e-01 -2.419066665882230627e+00
-4.162581680204717749e-01 3.968827487453191472e-01 -3.812785809458043573e-01 1.284387267617244088e-01 -3.434808538908303843e-01 3.415934366562545232e-02 4.275323186553778854e-01 4.067416918007470406e-01
1.589788277480363998e-02 -3.463293242060273558e-01 4.449225413080024616e-01 3.700820241921976006e-04 -4.012332327238002927e-01 1.044976158673258659e-01 -1.249632211811180227e-03 1.482082770028243512e-01
6.091279124374970877e-02 -1.412905020262789080e-01 3.482013803454744316e-01 2.061413903020603566e-01 2.818070211117565949e-01 1.140388868657271626e-02 4.024415722769162373e-01 8.199789327643958181e-02
-1.509098613171787617e-01 4.631319696439044620e-01 4.271320175239756711e-02 -4.698449286931056790e-01 2.546752151491898930e-01 4.230371536772058461e-01 2.856437258472952490e-01 -1.129436195736226445e-01
2.923757993910044428e-01 -4.082749832492591491e-01 5.430827783813274579e-02 3.491767715491183033e-01 -2.593810965386050826e-01 3.892846581772902992e-01 -2.947853049993398589e-02 1.866322790397069165e-01
3.551030308225788801e-01 3.230301894719503908e-01 2.048351081228931836e-01 -1.103630295183410936e-01 1.284672468193370776e-01 -4.126597525763956442e-01 -4.309450771957006321e-01 -3.374935124954322463e-01
-4.199402701112541214e-01 -1.283975317039716124e-01 4.241838055281683673e-01 -3.383271045174131020e-01 -2.871959059719675356e-02 -4.205595733582182527e-01 -2.639835763262833312e-01 -4.878903205896004680e-01
-4.065628026503699921e+00 1.556761840709439504e+01 -2.749452373156967333e+00 -7.992608831227894228e-01 -5.351898128115764486e+00 -2.270748780866378436e+00 -3.849755674750547030e+00 -4.037992063907247520e+00
-2.462996111278015210e-01 4.539672282078768273e-01 2.785012334648230281e-01 2.266356512790647093e-01 -1.665366365561427031e-02 2.608636894925515648e-01 3.147508029041874433e-01 3.973408312473725168e-03
3.677832674119752010e-01 1.089854404053308690e-01 1.255178721590867186e-01 4.308562659067126654e-01 -3.950563435773004617e-01 1.816048726214247733e-01 4.841639452319697057e-01 -7.854264890882456385e-02
-2.722775083846336042e+00 5.985126013595216676e+00 -5.426176401970773888e+00 -4.257844172777823566e+00 -5.446175244764114076e+00 -7.334042607668092906e+00 -5.584258920494607814e+00 -4.218498452097414031e+00
4.592951080220728510e-01 -5.605040379799164363e-02 4.485356870017417341e-01 2.889814623405955185e-01 -4.992586416089022094e-01 9.960976145890865219e-02 8.828048066591909215e-02 -1.069497162768916487e-01
1.944087557605745920e-01 6.341966936320353465e-02 1.426949407527396962e-01 6.766697805949772881e-02 1.050531309181947925e-01 -3.418676963579798667e-01 3.998548638699666036e-01 3.399814357830716061e-01
3.824105457400232000e-01 -2.695068767583982394e-01 4.574231814178054689e-01 3.883755012266491002e-01 -1.169979443832783739e-01 1.013720431279879763e-01 5.850131500601252199e-02 3.834386264626686858e-01
-2.377362294564741019e-01 -2.625231090720407945e-01 -2.602404962093768370e-01 3.884552771781967229e-01 -3.935024814406303806e-01 -2.842234105046818060e-01 -3.152024883255499788e-03 1.750150136529271538e-02
-1.967955374483836284e+00 -1.014031090468978658e-01 5.720816658110708275e+00 -1.514253045842187673e-01 -1.551283593473519407e+00 -8.443483767078385771e-02 -8.215345655596006935e-02 -3.085294943968882819e+00
4.265311082115897934e-01 1.935715354467004712e-02 -5.871417042654702989e-03 -1.329332808867546012e-01 4.747932643281481679e-01 -3.000197301936431415e-01 1.508633536126894326e-01 2.872030531256539732e-01
-1.742012763549642962e-01 2.320740678184721739e-01 3.860350244426361543e-01 1.041625852841709943e-01 -4.164701418535627919e-01 3.354305280471584494e-01 1.907665622467694666e-01 -2.926889905980323281e-01
-2.054415469611494682e-01 1.019344195372737794e-01 -2.205024859100606083e-01 -1.997811047233946091e-01 4.371250164872843014e-01 -7.006458751364941229e-02 -7.722454555793012432e-03 3.902290151725577028e-01
2.604482997226680308e-01 4.471932754457186299e-02 -1.380337528442212580e-01 4.729355484561708067e-01 2.044164362346834185e-02 2.577479450417311524e-01 -3.213698527744930367e-01 -1.515368067615940895e-01
-4.865899887821495406e-01 -3.179314689647627645e-01 4.796726033164850911e-01 -3.782440391354192633e-01 1.249470016255753713e-01 -3.392402308181892145e-01 3.984341853316898385e-01 -4.802564570240773767e-01
1.232424828912200843e-01 4.124812550243939224e-02 -3.682304462435838088e-01 3.671688685684174613e-01 -4.542131744604359644e-01 -1.974105023788773616e-01 -9.345700637615250717e-02 1.609709187927307328e-01
-2.704137144400892145e-01 4.505067380629566021e-01 1.498014404999492566e-02 4.008339434922252309e-01 3.495075371838146649e-01 3.794017272188927592e-01 4.722029239777084664e-01 -2.433869038039914168e-01
-8.206092037650047910e-02 4.530917027800965835e-01 -8.794626737396438187e-02 -3.686446026138845422e-02 2.945901577308662755e-02 2.285621552999432815e-01 -4.479445569623129453e-01 2.077772207039331187e-01
4.472660288498149228e-01 4.657279430324207103e-01 1.486295324033416465e-01 -3.549365521443212934e-01 -1.590416362777781201e-01 3.042963192926967375e-01 2.147462851886872137e-01 -3.673456781953985395e-01
-6.420862272840547114e+00 1.739495800748074572e+01 -6.480803131481250645e+00 -8.291659779437569711e+00 -7.083852951073500215e+00 -7.411226849513067982e+00 -7.856538173639143530e+00 -8.753469650358638887e+00
2.499658993248932148e-02 -4.064083703862736430e-01 -3.207994127238956716e-01 -3.032057585238452369e-01 -4.788269182693321024e-01 -4.638827129554884410e-01 4.700137433125121111e-01 4.485332554860864684e-01
1.399812448376197560e-01 -1.289635732061561457e-01 1.427993648116582248e-01 -3.553582095841758548e-01 8.091628773627945748e-02 4.481636120203114082e-01 3.699795158165699593e-01 1.898474718284876017e-01
-1.351532715490644243e-02 -3.559800098713951089e-01 -1.340137388895040749e-01 4.747332718660689510e-01 6.045127254918181148e-02 4.134784080196118872e-01 4.602256742208858942e-01 -4.566883736246363235e-01
1.908875996586766322e-01 -4.543013698651252597e-01 -3.387017144411240688e-01 3.275808289243303806e-01 1.470225801954191391e-01 -1.381318252240411049e-01 3.483057709156460735e-01 4.681082810377333869e-01
2.158448348879257184e-01 3.280864630067455989e-01 4.168268224554805279e-01 4.405565067922241340e-01 1.315847703350975229e-01 4.975302960716376788e-02 4.976216021081093510e-01 2.764583520302126285e-01
-4.212364062557099054e+00 -1.708277286104227244e+00 -3.701113117004147135e+00 -3.079499257404297863e-01 -4.414518632346298155e+00 -2.053803607156156730e+00 -5.108510327122284700e+00 -4.572271456357233532e+00
2.511031623721197148e-01 2.690229566812710749e-01 1.839333555006017473e-02 -4.317812520927668540e-01 1.922819959343238239e-01 -2.512472925840573135e-01 -1.732130427979249321e-01 -1.008233356421169846e-01
-1.901783840528068481e-01 -1.573476974271241779e-01 -4.997240058149624575e-01 2.427499727027860876e-01 4.298925288727821759e-01 -3.909452192263722647e-01 -2.079650295930779436e-02 -3.745627615200676219e-01
-2.083751620469975752e-02 2.980015982617649772e-01 3.050394749776251802e-01 2.681175779254534319e-01 4.035690244867684573e-01 -6.500109284454569369e-02 -1.572397192303246483e-01 8.233832320107470348e-02
-2.869052203224632391e-01 1.555664559769595634e+01 -4.780058450863190700e+00 -4.915594182655166344e-01 -1.962627059521199202e-01 -4.826888003597247234e+00 -3.715258025915690876e-01 -1.828807549464483984e-01
-4.319682958735682199e-02 -4.328403761102028735e-01 2.686133495235580870e-01 3.822723658500863930e-01 6.111939939547172962e-03 -1.632740632583129514e-01 -2.987909225051634809e-01 4.771015988816411646e-01
4.374343097877999575e-01 5.800516822018819685e-02 2.619485487012560565e-01 -4.946423313903947072e-01 -4.991942102269009141e-02 -1.396494754052355347e-01 -1.723770199545171522e-03 4.862757557970933675e-01
-4.562013736166471434e-01 -4.178865628664548693e-01 -4.785926141089291708e-02 -1.037812184035735719e-02 -2.140352732009742631e-03 -1.530528146701507497e-01 -3.870355610472188124e-01 2.556332248764346948e-01
-3.421997168530541700e-01 -2.582645270558471262e-01 -5.717066292484396239e-02 -3.974320246260789613e-01 -2.554283478166828880e-01 -3.532855430438928135e-01 -3.285572535338711075e-01 -3.118918414001571326e-01
4.502390662099046148e-01 -4.163882973549249966e-01 -5.739828703353233585e-02 3.138262609686315319e-01 6.405869700283028934e-02 -2.304980656051772714e-01 -3.151108326074134602e-01 -1.380501664360902492e-01
4.259953304416267406e-01 2.115951997869247592e-01 2.489584117882449599e-01 -3.952999067273066380e-01 2.265361152874557638e-01 3.708995648705436521e-01 4.064414531210964743e-01 -2.589396637259762102e-01
-2.300915009367323627e-01 -3.053809717837323578e-01 3.618751582822850033e-01 9.550425573966292436e-02 -4.631417370743415862e-01 -2.265314905516210287e-01 -9.019820586008642227e-02 -2.257852530343047448e-01
-2.895262860791000925e+00 1.260292154860630376e+01 -4.527022398306887574e+00 -7.227801471430632674e-01 -4.566588819832256618e+00 -1.432239370296227499e+00 -4.901867404202834066e+00 -5.132769369445854046e+00
9.743563714271086251e-02 2.455094645591623381e-01 -5.678935110100868933e-03 3.538786135387259613e-01 1.423300636374711381e-01 4.196727613549476876e-01 1.524141084417517389e-01 8.427385066666215341e-02
1.174787107973965794e-01 -4.728466672111064639e-01 -1.183652166921145277e-02 -6.558537412436793446e-02 3.355088782867503561e-01 2.026605678816243428e-01 -4.807910827625027084e-01 1.678383014847208976e-01
2.140723926590459847e-01 1.967803338035726268e-01 2.480280161607210099e-01 -1.385247712449925173e-01 2.252039253735125257e-01 2.145924427574397164e-02 1.381060611475621869e-01 4.053439169924665242e-01
2.134021912483380357e-01 4.022723291092703546e-01 -1.507361857077138545e-02 3.943595654692437780e-01 3.113532215080487831e-01 -2.078943026165749330e-01 4.264863642266668586e-01 -2.467871569811785903e-01
-2.232186674299363460e-02 1.892950586504332788e-01 4.171642458340789616e-01 -3.613599057808641879e-01 4.496260548560354620e-01 -1.415818236828412235e-01 -7.193032475686200744e-02 4.505491009048778750e-02
-1.738141135123318914e-01 -3.164538336131194063e-01 2.212360321411632746e-02 -1.519431350852531448e-01 -2.966849410602748760e-01 3.525449699530252001e-01 -3.218340279154158212e-01 -5.513970222097719365e-02
-4.750490358141946645e-01 1.946475092752639746e-01 -3.209153460315949946e-02 4.600401613524738309e-01 2.025397168356881661e-01 -1.665953277149817557e-01 -2.487664346280086258e-01 5.662024492511585905e-02
3.229125237398167148e-02 2.158639665616978176e-01 4.495936742686013066e-02 -4.038013310419154012e-01 -4.759067142652818605e-01 -1.192524666766838770e-01 3.199380765721882014e-01 3.716693558250494522e-02
-1.287536033289171655e-02 4.849560255447056267e-01 7.193751330001918465e-02 -1.461276352697037373e-01 -2.331310997402366025e-01 2.213816070512322209e-01 -4.883707696133980924e-01 -3.516804700230194980e-01
4.460120694814452280e-01 -3.717740610299717918e-01 7.183227965500715850e-02 3.651196924959706491e-01 3.689551091493996626e-01 2.040558167811405976e-01 2.484774332929261531e-01 2.422374616742906106e-01
-2.647889857242160527e-01 2.297787423697100762e-01 -3.012088694779669895e-01 4.284851718803315279e-01 4.282382157545405743e-02 4.826044798520175982e-01 2.128445153294736825e-01 -2.949138242658833065e-02
-5.336287879528453182e+00 -4.776808424443355960e+00 -4.999883507720504383e+00 -1.966373665822945593e+00 -1.965675488702445683e+00 -3.944573557878610082e+00 4.287199530193727348e+00 -4.485681538322131345e+00
-3.760365734545153549e-01 -2.437086191715724937e-01 1.431086788505303575e-01 -1.414563220740367999e-01 1.179449774192582456e-01 4.218470773821715314e-01 4.507348375970202659e-01 -1.226616439430536776e-01
-4.319417196754318233e-01 2.334140813518947866e-02 1.549473667468842519e-01 4.950627136583208854e-01 -3.315791504080246588e-01 -1.507730037431430636e-01 -3.579107654085801338e-01 -2.786885786053198144e-01
2.410692244572082421e-01 -9.576679186345626871e-02 1.508289786996942494e-01 -2.571735692018902730e-01 -3.821311287995470263e-01 9.810472450582141679e-02 2.888688752075195820e-01 3.564671860540487014e-01
4.245980822082745521e-01 2.501652249568626640e-01 4.187839602291554275e-02 -2.276294897529367312e-01 3.690881402011952916e-01 3.776073675680358122e-01 -1.931305915736956091e-01 -2.684606681472601064e-01
3.218941068666776317e-01 7.971996134180336924e-02 7.433995110333635470e-02 2.629060020537724585e-01 -1.292235167698163600e-01 -1.721851886216966276e-01 1.087151295658458361e-01 3.263940791630171034e-04
2.568828362532776799e-01 -4.573195511320657936e-01 4.137586400827141242e-01 -1.094270238284041907e-01 4.998456101920141226e-01 -4.439070035572545425e-02 1.020095641376151940e-01 1.192830644252949046e-01
-2.144371533953737252e-01 1.408486605343963749e-01 3.334392244357612389e-01 -4.577828563988703969e-01 5.296395683272225874e-03 -3.165618543858473855e-01 4.534128593571931098e-01 -3.960887019703904777e-01
-2.271412176971636665e-01 -4.555436787695565926e-02 -5.807149657253751762e-02 -1.932634171491942610e-01 -3.452003467545269322e-01 3.913848073576647879e-01 -2.273429363089347621e-01 3.207352619144856476e-01
1.223069723116407825e-01 -4.035565055466504569e-01 -1.473208150600536781e-01 -7.016402563803925130e-02 -4.248332232985718715e-01 -1.609568696909891017e-01 3.270046466168264887e-01 -4.735135473513154558e-01
2.512368184001427807e-01 2.159392107879180012e-01 -3.134577012299185617e-01 -8.472421303750665711e-02 1.232934932961271546e-02 -1.701740571461818341e-02 -7.054735527428690478e-02 -1.158443137786869803e-01
7.310046247771184724e-02 2.703210291090258899e-01 4.453639764698125170e-02 2.768276122477966172e-01 2.203036237977432643e-01 3.601406273893111853e-01 3.436810987064554679e-01 3.780018800603512918e-01
2.756386124550643801e-01 9.881680121995717325e-02 -1.184688642977558271e-01 -4.919473713284827632e-01 4.463843751801274129e-01 2.185459606468556082e-01 3.551978162281667073e-01 -3.378739211337763448e-01
3.629508242505008475e-02 1.934837336946892972e-01 -1.527428418887935013e-01 1.826926291427837246e-01 1.285308090247045953e-01 -3.238614501313572536e-01 1.175508706677479420e-01 -2.603925813437215631e-01
-9.361297715957817012e-02 1.501669998834035402e-01 -1.925940629452630448e-01 4.852542236911230322e-01 -5.804837230584547481e-02 -3.914552538793983905e-01 -1.300133763201705150e-02 -1.163195056679887651e-01
-1.811870360165804827e-01 1.778894860461585070e-01 -2.904296920400064597e-01 -1.013861212678668355e-02 3.317933099537262454e-01 -4.097274949399202226e-01 -1.842566294263583426e-01 3.036079991361210206e-01
-2.874701598250344325e-01 1.303907875221114177e-01 -2.703824877764682277e-02 3.683615788210168329e-01 9.460390507335347809e-02 1.185450564051829803e-01 8.037408894939990223e-02 -2.397071789008176079e-02
4.038351020975765593e-01 2.975111457836294715e-01 3.997445626836443333e-01 -1.033001583048471783e-01 -2.109796090872080310e-01 -3.394793856886028083e-01 3.494567253815527019e-01 3.204731080697243994e-01
-4.127125160150338923e-01 -3.440697272932186079e-01 4.477014352523628338e-01 1.871474600796021459e-01 2.118992953417420111e-02 -4.354329812189258186e-01 -1.096865910418675094e-01 2.745577944775267065e-01
-7.829668076699825008e-02 5.661169659888731776e-02 -3.943861360451670350e-01 4.750218836506544529e-01 9.639143870972555206e-02 2.016143556949469007e-01 3.498980625514186427e-01 5.437026714121862003e-02
-1.056415300880232389e-01 -1.060272608711589903e-01 2.629311519472923298e-01 -2.167199123629013346e-01 3.818592033587402401e-01 3.378253385775227269e-01 -2.822519229380606731e-01 1.386532263365277684e-01
-2.224278055411131882e-01 -4.334859760741970325e-01 1.850675390316891544e-01 3.905783702634832988e-01 -2.940292149984228276e-01 -3.362113962996923222e-01 7.068890344596034936e-02 5.270093993731683746e-02
3.229138811695996258e-01 -3.513458156202741156e-01 2.585540038341516134e-02 1.696236900948454585e-01 1.470913809668161765e-01 -1.173522550449179747e-02 9.442791645178050253e-02 1.116080139777927416e-01
2.250544869526550640e-01 -9.508555945766095086e-02 2.466606204429699911e-01 1.540230156137933903e-02 -9.967161109427546961e-02 -2.466660740280202102e-02 -3.677095490379611586e-01 -2.921724782976123924e-01
3.450201966216592808e-03 7.178057056678857073e+00 -2.107737945214757325e+00 3.644461585876183074e-01 -3.123148753031662617e-01 1.868425611921052942e-01 3.188807473832767636e-01 -4.364985160274460263e+00
